28
2
0 14213 5245 11324 12405 12377 1770 10673 11113 7255 2371 3802 3354 13461 11635 14548 6617 13192 8975 8030 8836 2234 7695 10404 5328 5850 1877 6731
14213 0 9426 4739 1962 2688 13983 4266 3292 8270 13278 10635 11899 2102 4390 949 7938 1343 5626 7035 6371 12285 6962 5505 10363 8773 13116 7862
5245 9426 0 6537 7618 7590 5015 5886 6326 2468 4310 1667 2931 8674 6848 9761 1830 8405 4188 3243 4049 3317 2908 5617 1395 1063 4148 1944
11324 4739 6537 0 2931 2903 11094 1377 1639 5381 10389 7746 9010 3987 2161 5074 5049 3718 2737 4146 3482 9396 4073 2616 7474 5884 10227 4973
12405 1962 7618 2931 0 880 12175 2458 1484 6462 11470 8827 10091 1210 2582 2297 6130 941 3818 5227 4563 10477 5154 3697 8555 6965 11308 6054
12377 2688 7590 2903 880 0 12147 2430 1456 6434 11442 8799 10063 1936 2554 3023 6102 1667 3790 5199 4535 10449 5126 3669 8527 6937 11280 6026
1770 13983 5015 11094 12175 12147 0 10443 10883 7025 2141 3572 3124 13231 11405 14318 6387 12962 8745 7800 8606 2004 7465 10174 5098 5620 1647 6501
10673 4266 5886 1377 2458 2430 10443 0 1166 4730 9738 7095 8359 3514 1688 4601 4398 3245 2086 3495 2831 8745 3422 1965 6823 5233 9576 4322
11113 3292 6326 1639 1484 1456 10883 1166 0 5170 10178 7535 8799 2540 1290 3627 4838 2271 2526 3935 3271 9185 3862 2405 7263 5673 10016 4762
7255 8270 2468 5381 6462 6434 7025 4730 5170 0 6320 3677 4941 7518 5692 8605 980 7249 3032 2087 2893 5327 1752 4461 3405 1815 6158 904
2371 13278 4310 10389 11470 11442 2141 9738 10178 6320 0 2867 2419 12526 10700 13613 5682 12257 8040 7095 7901 1299 6760 9469 4393 4915 1274 5796
3802 10635 1667 7746 8827 8799 3572 7095 7535 3677 2867 0 1488 9883 8057 10970 3039 9614 5397 4452 5258 1874 4117 6826 1750 2272 2705 3153
3354 11899 2931 9010 10091 10063 3124 8359 8799 4941 2419 1488 0 11147 9321 12234 4303 10878 6661 5716 6522 1426 5381 8090 3014 3536 2257 4417
13461 2102 8674 3987 1210 1936 13231 3514 2540 7518 12526 9883 11147 0 3638 2437 7186 1081 4874 6283 5619 11533 6210 4753 9611 8021 12364 7110
11635 4390 6848 2161 2582 2554 11405 1688 1290 5692 10700 8057 9321 3638 0 4725 5360 3369 3048 4457 3793 9707 4384 2927 7785 6195 10538 5284
14548 949 9761 5074 2297 3023 14318 4601 3627 8605 13613 10970 12234 2437 4725 0 8273 1678 5961 7370 6706 12620 7297 5840 10698 9108 13451 8197
6617 7938 1830 5049 6130 6102 6387 4398 4838 980 5682 3039 4303 7186 5360 8273 0 6917 2700 1755 2561 4689 1420 4129 2767 1177 5520 456
13192 1343 8405 3718 941 1667 12962 3245 2271 7249 12257 9614 10878 1081 3369 1678 6917 0 4605 6014 5350 11264 5941 4484 9342 7752 12095 6841
8975 5626 4188 2737 3818 3790 8745 2086 2526 3032 8040 5397 6661 4874 3048 5961 2700 4605 0 1797 1133 7047 1724 1817 5125 3535 7878 2624
8030 7035 3243 4146 5227 5199 7800 3495 3935 2087 7095 4452 5716 6283 4457 7370 1755 6014 1797 0 1658 6102 779 3226 4180 2590 6933 1679
8836 6371 4049 3482 4563 4535 8606 2831 3271 2893 7901 5258 6522 5619 3793 6706 2561 5350 1133 1658 0 6908 1585 2562 4986 3396 7739 2485
2234 12285 3317 9396 10477 10449 2004 8745 9185 5327 1299 1874 1426 11533 9707 12620 4689 11264 7047 6102 6908 0 5767 8476 3400 3922 1137 4803
7695 6962 2908 4073 5154 5126 7465 3422 3862 1752 6760 4117 5381 6210 4384 7297 1420 5941 1724 779 1585 5767 0 3153 3845 2255 6598 1344
10404 5505 5617 2616 3697 3669 10174 1965 2405 4461 9469 6826 8090 4753 2927 5840 4129 4484 1817 3226 2562 8476 3153 0 6554 4964 9307 4053
5328 10363 1395 7474 8555 8527 5098 6823 7263 3405 4393 1750 3014 9611 7785 10698 2767 9342 5125 4180 4986 3400 3845 6554 0 2000 4231 2881
5850 8773 1063 5884 6965 6937 5620 5233 5673 1815 4915 2272 3536 8021 6195 9108 1177 7752 3535 2590 3396 3922 2255 4964 2000 0 4753 1291
1877 13116 4148 10227 11308 11280 1647 9576 10016 6158 1274 2705 2257 12364 10538 13451 5520 12095 7878 6933 7739 1137 6598 9307 4231 4753 0 5634
6731 7862 1944 4973 6054 6026 6501 4322 4762 904 5796 3153 4417 7110 5284 8197 456 6841 2624 1679 2485 4803 1344 4053 2881 1291 5634 0
