21
0 1157 1408 1607 7281 6372 4088 1530 6357 1722 1845 6992 2398 2965 6777 1094 1831 5106 4414 1563 7033
1157 0 2071 1834 7944 7035 4751 1757 7020 1949 2508 7655 3061 3628 7440 1491 2494 5769 5077 2226 7696
1408 2071 0 2521 7221 6312 4028 2444 6297 2636 1785 6932 2338 2905 6717 2008 1771 5046 4354 1503 6973
1607 1834 2521 0 8394 7485 5201 2057 7470 1141 2958 8105 3511 4078 7890 1941 2944 6219 5527 2676 8146
7281 7944 7221 8394 0 2557 5067 8317 1872 8509 7012 1237 6545 5760 1532 7881 7196 2707 3413 6030 1278
6372 7035 6312 7485 2557 0 4158 7408 1633 7600 6103 2268 5636 4851 2053 6972 6287 1798 2504 5121 2309
4088 4751 4028 5201 5067 4158 0 5124 4143 5316 3819 4778 3352 2567 4563 4688 4003 2892 2200 2837 4819
1530 1757 2444 2057 8317 7408 5124 0 7393 2172 2881 8028 3434 4001 7813 1864 2867 6142 5450 2599 8069
6357 7020 6297 7470 1872 1633 4143 7393 0 7585 6088 1583 5621 4836 1368 6957 6272 1783 2489 5106 1624
1722 1949 2636 1141 8509 7600 5316 2172 7585 0 3073 8220 3626 4193 8005 2056 3059 6334 5642 2791 8261
1845 2508 1785 2958 7012 6103 3819 2881 6088 3073 0 6723 2129 2696 6508 2445 1760 4837 4145 1294 6764
6992 7655 6932 8105 1237 2268 4778 8028 1583 8220 6723 0 6256 5471 1243 7592 6907 2418 3124 5741 605
2398 3061 2338 3511 6545 5636 3352 3434 5621 3626 2129 6256 0 2229 6041 2998 2313 4370 3678 1147 6297
2965 3628 2905 4078 5760 4851 2567 4001 4836 4193 2696 5471 2229 0 5256 3565 2880 3585 2893 1714 5512
6777 7440 6717 7890 1532 2053 4563 7813 1368 8005 6508 1243 6041 5256 0 7377 6692 2203 2909 5526 1284
1094 1491 2008 1941 7881 6972 4688 1864 6957 2056 2445 7592 2998 3565 7377 0 2431 5706 5014 2163 7633
1831 2494 1771 2944 7196 6287 4003 2867 6272 3059 1760 6907 2313 2880 6692 2431 0 5021 4329 1478 6948
5106 5769 5046 6219 2707 1798 2892 6142 1783 6334 4837 2418 4370 3585 2203 5706 5021 0 1238 3855 2459
4414 5077 4354 5527 3413 2504 2200 5450 2489 5642 4145 3124 3678 2893 2909 5014 4329 1238 0 3163 3165
1563 2226 1503 2676 6030 5121 2837 2599 5106 2791 1294 5741 1147 1714 5526 2163 1478 3855 3163 0 5782
7033 7696 6973 8146 1278 2309 4819 8069 1624 8261 6764 605 6297 5512 1284 7633 6948 2459 3165 5782 0
