20
0.00 1.21 0.89 0.66 1.02 1.25 1.04 0.89 1.17 1.48 1.15 1.33 1.27 0.98 0.89 1.01 0.79 1.41 1.27 1.44
1.21 0.00 1.41 0.89 1.38 1.01 0.64 1.18 0.73 1.09 1.52 0.89 1.06 0.86 1.01 0.62 1.32 0.70 0.90 0.52
0.89 1.41 0.00 1.49 0.23 1.39 1.26 0.80 1.57 1.14 0.67 0.84 1.19 1.04 0.89 0.71 0.70 0.93 0.83 1.43
0.66 0.89 1.49 0.00 1.34 1.02 1.16 0.72 1.16 1.39 1.65 0.70 0.96 1.20 0.50 0.80 0.77 1.01 1.52 0.71
1.02 1.38 0.23 1.34 0.00 1.06 1.37 0.45 1.24 1.13 0.62 0.93 0.89 0.64 1.11 0.75 0.62 1.32 0.96 1.06
1.25 1.01 1.39 1.02 1.06 0.00 1.18 0.66 0.53 1.13 1.12 1.35 0.45 0.41 1.30 1.23 1.60 1.03 1.20 0.56
1.04 0.64 1.26 1.16 1.37 1.18 0.00 1.80 0.89 0.79 0.64 1.20 1.62 0.92 1.14 1.16 1.41 1.15 1.17 0.79
0.89 1.18 0.80 0.72 0.45 0.66 1.80 0.00 1.11 1.56 1.35 0.97 0.30 0.60 0.93 0.61 0.61 1.13 0.97 0.88
1.17 0.73 1.57 1.16 1.24 0.53 0.89 1.11 0.00 0.62 0.90 1.25 0.75 0.61 1.77 1.37 1.42 1.41 1.07 0.64
1.48 1.09 1.14 1.39 1.13 1.13 0.79 1.56 0.62 0.00 0.54 0.97 1.33 1.45 1.17 1.69 1.08 0.97 0.84 1.17
1.15 1.52 0.67 1.65 0.62 1.12 0.64 1.35 0.90 0.54 0.00 1.31 1.22 0.84 1.47 1.43 0.92 1.52 0.85 1.24
1.33 0.89 0.84 0.70 0.93 1.35 1.20 0.97 1.25 0.97 1.31 0.00 1.08 1.41 0.76 0.47 0.86 0.61 1.32 0.61
1.27 1.06 1.19 0.96 0.89 0.45 1.62 0.30 0.75 1.33 1.22 1.08 0.00 0.55 1.31 0.75 0.87 1.03 0.65 0.76
0.98 0.86 1.04 1.20 0.64 0.41 0.92 0.60 0.61 1.45 0.84 1.41 0.55 0.00 1.60 0.77 1.28 1.51 1.07 0.52
0.89 1.01 0.89 0.50 1.11 1.30 1.14 0.93 1.77 1.17 1.47 0.76 1.31 1.60 0.00 0.91 0.72 0.44 1.08 1.24
1.01 0.62 0.71 0.80 0.75 1.23 1.16 0.61 1.37 1.69 1.43 0.47 0.75 0.77 0.91 0.00 0.81 0.79 0.99 0.61
0.79 1.32 0.70 0.77 0.62 1.60 1.41 0.61 1.42 1.08 0.92 0.86 0.87 1.28 0.72 0.81 0.00 1.24 0.65 1.41
1.41 0.70 0.93 1.01 1.32 1.03 1.15 1.13 1.41 0.97 1.52 0.61 1.03 1.51 0.44 0.79 1.24 0.00 0.79 1.04
1.27 0.90 0.83 1.52 0.96 1.20 1.17 0.97 1.07 0.84 0.85 1.32 0.65 1.07 1.08 0.99 0.65 0.79 0.00 1.48
1.44 0.52 1.43 0.71 1.06 0.56 0.79 0.88 0.64 1.17 1.24 0.61 0.76 0.52 1.24 0.61 1.41 1.04 1.48 0.00
