25
0 7746 1454 4853 4144 8184 4856 2261 5232 3016 3459 6611 1245 4439 6253 9429 2985 5442 5229 1298 9170 2979 551 2762 1704
7746 0 8068 4133 11572 1544 12284 9689 12660 4976 10887 1883 8673 4543 2779 1979 5691 3740 4219 7602 1720 10407 7419 5318 6260
1454 8068 0 5175 5280 8506 5992 3397 6368 3338 4595 6933 2381 4761 6575 9751 3307 5764 5551 1620 9492 4115 1127 3084 2026
4853 4133 5175 0 8679 4571 9391 6796 9767 2083 7994 2998 5780 1650 2640 5816 2798 1829 1616 4709 5557 7514 4526 2425 3367
4144 11572 5280 8679 0 12010 2014 3731 2390 6842 2005 10437 3779 8265 10079 13255 6811 9268 9055 5124 12996 2453 4377 6588 5530
8184 1544 8506 4571 12010 0 12722 10127 13098 5414 11325 2321 9111 4981 3217 3227 6129 4178 4657 8040 2968 10845 7857 5756 6698
4856 12284 5992 9391 2014 12722 0 4443 1158 7554 2717 11149 4491 8977 10791 13967 7523 9980 9767 5836 13708 3165 5089 7300 6242
2261 9689 3397 6796 3731 10127 4443 0 4819 4959 3046 8554 1896 6382 8196 11372 4928 7385 7172 3241 11113 2566 2494 4705 3647
5232 12660 6368 9767 2390 13098 1158 4819 0 7930 3093 11525 4867 9353 11167 14343 7899 10356 10143 6212 14084 3541 5465 7676 6618
3016 4976 3338 2083 6842 5414 7554 4959 7930 0 6157 3841 3943 1669 3483 6659 961 2672 2459 2872 6400 5677 2689 588 1530
3459 10887 4595 7994 2005 11325 2717 3046 3093 6157 0 9752 3094 7580 9394 12570 6126 8583 8370 4439 12311 1768 3692 5903 4845
6611 1883 6933 2998 10437 2321 11149 8554 11525 3841 9752 0 7538 3408 1644 3566 4556 2605 3084 6467 3307 9272 6284 4183 5125
1245 8673 2381 5780 3779 9111 4491 1896 4867 3943 3094 7538 0 5366 7180 10356 3912 6369 6156 2225 10097 2614 1478 3689 2631
4439 4543 4761 1650 8265 4981 8977 6382 9353 1669 7580 3408 5366 0 3050 6226 2384 2239 2026 4295 5967 7100 4112 2011 2953
6253 2779 6575 2640 10079 3217 10791 8196 11167 3483 9394 1644 7180 3050 0 4462 4198 2247 2726 6109 4203 8914 5926 3825 4767
9429 1979 9751 5816 13255 3227 13967 11372 14343 6659 12570 3566 10356 6226 4462 0 7374 5423 5902 9285 1635 12090 9102 7001 7943
2985 5691 3307 2798 6811 6129 7523 4928 7899 961 6126 4556 3912 2384 4198 7374 0 3387 3174 2841 7115 5646 2658 707 1499
5442 3740 5764 1829 9268 4178 9980 7385 10356 2672 8583 2605 6369 2239 2247 5423 3387 0 1915 5298 5164 8103 5115 3014 3956
5229 4219 5551 1616 9055 4657 9767 7172 10143 2459 8370 3084 6156 2026 2726 5902 3174 1915 0 5085 5643 7890 4902 2801 3743
1298 7602 1620 4709 5124 8040 5836 3241 6212 2872 4439 6467 2225 4295 6109 9285 2841 5298 5085 0 9026 3959 971 2618 1560
9170 1720 9492 5557 12996 2968 13708 11113 14084 6400 12311 3307 10097 5967 4203 1635 7115 5164 5643 9026 0 11831 8843 6742 7684
2979 10407 4115 7514 2453 10845 3165 2566 3541 5677 1768 9272 2614 7100 8914 12090 5646 8103 7890 3959 11831 0 3212 5423 4365
551 7419 1127 4526 4377 7857 5089 2494 5465 2689 3692 6284 1478 4112 5926 9102 2658 5115 4902 971 8843 3212 0 2435 1377
2762 5318 3084 2425 6588 5756 7300 4705 7676 588 5903 4183 3689 2011 3825 7001 707 3014 2801 2618 6742 5423 2435 0 1276
1704 6260 2026 3367 5530 6698 6242 3647 6618 1530 4845 5125 2631 2953 4767 7943 1499 3956 3743 1560 7684 4365 1377 1276 0
