27
0 2145 2714 7515 4998 5908 3948 10129 2546 4530 7898 2817 9403 3288 8552 3121 10894 4188 6849 4298 10234 1448 1540 3036 1211 4150 4463
2145 0 4187 7352 4835 5745 3785 9966 2383 4367 7735 4290 9240 4761 8389 4594 10731 5661 6686 5771 10071 2921 1377 2873 1772 5623 5936
2714 4187 0 9557 7040 7950 5990 12171 4588 6572 9940 1625 11445 1624 10594 1457 12936 2524 8891 2634 12276 1862 3582 5078 3253 2486 2799
7515 7352 9557 0 4281 2627 4333 3616 5673 3111 1385 9660 2890 10131 2039 9964 4381 11031 1832 11141 3721 8291 6169 5169 7142 10993 11306
4998 4835 7040 4281 0 2674 1816 6895 3156 1296 4664 7143 6169 7614 5318 7447 7660 8514 3615 8624 7000 5774 3652 2652 4625 8476 8789
5908 5745 7950 2627 2674 0 2726 5241 4066 1504 3010 8053 4515 8524 3664 8357 6006 9424 1961 9534 5346 6684 4562 3562 5535 9386 9699
3948 3785 5990 4333 1816 2726 0 6947 2106 1348 4716 6093 6221 6564 5370 6397 7712 7464 3667 7574 7052 4724 2602 1602 3575 7426 7739
10129 9966 12171 3616 6895 5241 6947 0 8287 5725 2435 12274 1060 12745 1971 12578 2443 13645 4446 13755 1783 10905 8783 7783 9756 13607 13920
2546 2383 4588 5673 3156 4066 2106 8287 0 2688 6056 4691 7561 5162 6710 4995 9052 6062 5007 6172 8392 3322 1200 1194 2173 6024 6337
4530 4367 6572 3111 1296 1504 1348 5725 2688 0 3494 6675 4999 7146 4148 6979 6490 8046 2445 8156 5830 5306 3184 2184 4157 8008 8321
7898 7735 9940 1385 4664 3010 4716 2435 6056 3494 0 10043 1709 10514 858 10347 3200 11414 2215 11524 2540 8674 6552 5552 7525 11376 11689
2817 4290 1625 9660 7143 8053 6093 12274 4691 6675 10043 0 11548 2199 10697 2032 13039 3099 8994 3209 12379 1965 3685 5181 3356 3061 3374
9403 9240 11445 2890 6169 4515 6221 1060 7561 4999 1709 11548 0 12019 1245 11852 1825 12919 3720 13029 1165 10179 8057 7057 9030 12881 13194
3288 4761 1624 10131 7614 8524 6564 12745 5162 7146 10514 2199 12019 0 11168 1403 13510 2274 9465 2384 12850 2436 4156 5652 3827 2236 2549
8552 8389 10594 2039 5318 3664 5370 1971 6710 4148 858 10697 1245 11168 0 11001 2736 12068 2869 12178 2076 9328 7206 6206 8179 12030 12343
3121 4594 1457 9964 7447 8357 6397 12578 4995 6979 10347 2032 11852 1403 11001 0 13343 2303 9298 2413 12683 2269 3989 5485 3660 2265 2578
10894 10731 12936 4381 7660 6006 7712 2443 9052 6490 3200 13039 1825 13510 2736 13343 0 14410 5211 14520 1010 11670 9548 8548 10521 14372 14685
4188 5661 2524 11031 8514 9424 7464 13645 6062 8046 11414 3099 12919 2274 12068 2303 14410 0 10365 1304 13750 3336 5056 6552 4727 1156 1469
6849 6686 8891 1832 3615 1961 3667 4446 5007 2445 2215 8994 3720 9465 2869 9298 5211 10365 0 10475 4551 7625 5503 4503 6476 10327 10640
4298 5771 2634 11141 8624 9534 7574 13755 6172 8156 11524 3209 13029 2384 12178 2413 14520 1304 10475 0 13860 3446 5166 6662 4837 310 1123
10234 10071 12276 3721 7000 5346 7052 1783 8392 5830 2540 12379 1165 12850 2076 12683 1010 13750 4551 13860 0 11010 8888 7888 9861 13712 14025
1448 2921 1862 8291 5774 6684 4724 10905 3322 5306 8674 1965 10179 2436 9328 2269 11670 3336 7625 3446 11010 0 2316 3812 1987 3298 3611
1540 1377 3582 6169 3652 4562 2602 8783 1200 3184 6552 3685 8057 4156 7206 3989 9548 5056 5503 5166 8888 2316 0 1690 1167 5018 5331
3036 2873 5078 5169 2652 3562 1602 7783 1194 2184 5552 5181 7057 5652 6206 5485 8548 6552 4503 6662 7888 3812 1690 0 2663 6514 6827
1211 1772 3253 7142 4625 5535 3575 9756 2173 4157 7525 3356 9030 3827 8179 3660 10521 4727 6476 4837 9861 1987 1167 2663 0 4689 5002
4150 5623 2486 10993 8476 9386 7426 13607 6024 8008 11376 3061 12881 2236 12030 2265 14372 1156 10327 310 13712 3298 5018 6514 4689 0 975
4463 5936 2799 11306 8789 9699 7739 13920 6337 8321 11689 3374 13194 2549 12343 2578 14685 1469 10640 1123 14025 3611 5331 6827 5002 975 0
