24
0 7572 8361 5600 9051 4321 8032 5350 1927 3046 8773 4343 9322 1308 3380 3256 7359 2594 7278 3636 1710 2342 9095 2819
7572 0 1493 2116 2183 5021 1164 3402 8819 5478 1905 3447 2454 6528 10272 10148 1529 6674 2102 10528 7310 6562 2227 9711
8361 1493 0 2905 1150 5810 617 4191 9608 6267 1070 4236 1421 7317 11061 10937 2318 7463 2891 11317 8099 7351 1194 10500
5600 2116 2905 0 3595 3049 2576 1430 6847 3506 3317 1475 3866 4556 8300 8176 1903 4702 1822 8556 5338 4590 3639 7739
9051 2183 1150 3595 0 6500 1307 4881 10298 6957 1760 4926 1925 8007 11751 11627 3008 8153 3581 12007 8789 8041 1698 11190
4321 5021 5810 3049 6500 0 5481 2799 5568 2227 6222 1792 6771 3277 7021 6897 4808 3423 4727 7277 4059 3311 6544 6460
8032 1164 617 2576 1307 5481 0 3862 9279 5938 1029 3907 1578 6988 10732 10608 1989 7134 2562 10988 7770 7022 1351 10171
5350 3402 4191 1430 4881 2799 3862 0 6597 3256 4603 1225 5152 4306 8050 7926 3189 4452 3108 8306 5088 4340 4925 7489
1927 8819 9608 6847 10298 5568 9279 6597 0 4293 10020 5590 10569 2555 2755 2631 8606 3841 8525 3011 2957 3589 10342 2194
3046 5478 6267 3506 6957 2227 5938 3256 4293 0 6679 2249 7228 2002 5746 5622 5265 2148 5184 6002 2784 2036 7001 5185
8773 1905 1070 3317 1760 6222 1029 4603 10020 6679 0 4648 2031 7729 11473 11349 2730 7875 3303 11729 8511 7763 1804 10912
4343 3447 4236 1475 4926 1792 3907 1225 5590 2249 4648 0 5197 3299 7043 6919 3234 3445 3153 7299 4081 3333 4970 6482
9322 2454 1421 3866 1925 6771 1578 5152 10569 7228 2031 5197 0 8278 12022 11898 3279 8424 3852 12278 9060 8312 1297 11461
1308 6528 7317 4556 8007 3277 6988 4306 2555 2002 7729 3299 8278 0 4008 3884 6315 1550 6234 4264 1046 1298 8051 3447
3380 10272 11061 8300 11751 7021 10732 8050 2755 5746 11473 7043 12022 4008 0 1338 10059 5294 9978 1208 4410 5042 11795 1679
3256 10148 10937 8176 11627 6897 10608 7926 2631 5622 11349 6919 11898 3884 1338 0 9935 5170 9854 1594 4286 4918 11671 1555
7359 1529 2318 1903 3008 4808 1989 3189 8606 5265 2730 3234 3279 6315 10059 9935 0 6461 1889 10315 7097 6349 3052 9498
2594 6674 7463 4702 8153 3423 7134 4452 3841 2148 7875 3445 8424 1550 5294 5170 6461 0 6380 5550 2332 1584 8197 4733
7278 2102 2891 1822 3581 4727 2562 3108 8525 5184 3303 3153 3852 6234 9978 9854 1889 6380 0 10234 7016 6268 3625 9417
3636 10528 11317 8556 12007 7277 10988 8306 3011 6002 11729 7299 12278 4264 1208 1594 10315 5550 10234 0 4666 5298 12051 1935
1710 7310 8099 5338 8789 4059 7770 5088 2957 2784 8511 4081 9060 1046 4410 4286 7097 2332 7016 4666 0 2080 8833 3849
2342 6562 7351 4590 8041 3311 7022 4340 3589 2036 7763 3333 8312 1298 5042 4918 6349 1584 6268 5298 2080 0 8085 4481
9095 2227 1194 3639 1698 6544 1351 4925 10342 7001 1804 4970 1297 8051 11795 11671 3052 8197 3625 12051 8833 8085 0 11234
2819 9711 10500 7739 11190 6460 10171 7489 2194 5185 10912 6482 11461 3447 1679 1555 9498 4733 9417 1935 3849 4481 11234 0
