20
0 5602 1735 10415 8584 7154 1593 10547 4074 3618 6689 5013 9346 2811 2279 3252 8174 6380 4452 1794
5602 0 6343 6235 4404 2974 6201 6367 2940 3264 2509 2237 5166 3507 5241 4276 3994 2200 2370 6402
1735 6343 0 11156 9325 7895 2090 11288 4815 4359 7430 5754 10087 3552 3020 3993 8915 7121 5193 959
10415 6235 11156 0 3001 3543 11014 1852 7753 8077 4832 7050 2487 8320 10054 9089 2853 5691 7183 11215
8584 4404 9325 3001 0 1712 9183 3133 5922 6246 3001 5219 1932 6489 8223 7258 1022 3860 5352 9384
7154 2974 7895 3543 1712 0 7753 3675 4492 4816 1571 3789 2474 5059 6793 5828 1302 2430 3922 7954
1593 6201 2090 11014 9183 7753 0 11146 4673 4217 7288 5612 9945 3410 2878 3851 8773 6979 5051 2149
10547 6367 11288 1852 3133 3675 11146 0 7885 8209 4964 7182 2619 8452 10186 9221 2985 5823 7315 11347
4074 2940 4815 7753 5922 4492 4673 7885 0 1736 4027 2351 6684 1979 3713 2748 5512 3718 1790 4874
3618 3264 4359 8077 6246 4816 4217 8209 1736 0 4351 2675 7008 1523 3257 2292 5836 4042 2114 4418
6689 2509 7430 4832 3001 1571 7288 4964 4027 4351 0 3324 3763 4594 6328 5363 2591 1965 3457 7489
5013 2237 5754 7050 5219 3789 5612 7182 2351 2675 3324 0 5981 2918 4652 3687 4809 3015 1781 5813
9346 5166 10087 2487 1932 2474 9945 2619 6684 7008 3763 5981 0 7251 8985 8020 1784 4622 6114 10146
2811 3507 3552 8320 6489 5059 3410 8452 1979 1523 4594 2918 7251 0 2450 1485 6079 4285 2357 3611
2279 5241 3020 10054 8223 6793 2878 10186 3713 3257 6328 4652 8985 2450 0 2891 7813 6019 4091 3079
3252 4276 3993 9089 7258 5828 3851 9221 2748 2292 5363 3687 8020 1485 2891 0 6848 5054 3126 4052
8174 3994 8915 2853 1022 1302 8773 2985 5512 5836 2591 4809 1784 6079 7813 6848 0 3450 4942 8974
6380 2200 7121 5691 3860 2430 6979 5823 3718 4042 1965 3015 4622 4285 6019 5054 3450 0 3148 7180
4452 2370 5193 7183 5352 3922 5051 7315 1790 2114 3457 1781 6114 2357 4091 3126 4942 3148 0 5252
1794 6402 959 11215 9384 7954 2149 11347 4874 4418 7489 5813 10146 3611 3079 4052 8974 7180 5252 0
