22
0 2517 2342 5078 2626 6676 4229 7126 7783 2557 2709 8233 3300 868 6147 6177 1021 3309 3876 3308 8358 1892
2517 0 3717 4427 1975 6025 3578 6475 7132 3932 4084 7582 2649 1919 5496 5526 2396 2658 5251 4683 7707 2229
2342 3717 0 6278 3826 7876 5429 8326 8983 1557 1709 9433 4500 2068 7347 7377 1503 4509 2876 2308 9558 3092
5078 4427 6278 0 3802 3208 2161 3658 4315 6493 6645 4765 2662 4480 2679 2709 4957 1999 7812 7244 4890 4790
2626 1975 3826 3802 0 5400 2953 5850 6507 4041 4193 6957 2024 2028 4871 4901 2505 2033 5360 4792 7082 2338
6676 6025 7876 3208 5400 0 3759 1598 2255 8091 8243 2705 4260 6078 2049 2343 6555 3597 9410 8842 2830 6388
4229 3578 5429 2161 2953 3759 0 4209 4866 5644 5796 5316 1813 3631 3230 3260 4108 1150 6963 6395 5441 3941
7126 6475 8326 3658 5850 1598 4209 0 1555 8541 8693 2005 4710 6528 2499 2793 7005 4047 9860 9292 2130 6838
7783 7132 8983 4315 6507 2255 4866 1555 0 9198 9350 1250 5367 7185 3156 3450 7662 4704 10517 9949 1375 7495
2557 3932 1557 6493 4041 8091 5644 8541 9198 0 1354 9648 4715 2283 7562 7592 1718 4724 1799 1231 9773 3307
2709 4084 1709 6645 4193 8243 5796 8693 9350 1354 0 9800 4867 2435 7714 7744 1870 4876 2673 2105 9925 3459
8233 7582 9433 4765 6957 2705 5316 2005 1250 9648 9800 0 5817 7635 3606 3900 8112 5154 10967 10399 531 7945
3300 2649 4500 2662 2024 4260 1813 4710 5367 4715 4867 5817 0 2702 3731 3761 3179 893 6034 5466 5942 3012
868 1919 2068 4480 2028 6078 3631 6528 7185 2283 2435 7635 2702 0 5549 5579 747 2711 3602 3034 7760 1294
6147 5496 7347 2679 4871 2049 3230 2499 3156 7562 7714 3606 3731 5549 0 1814 6026 3068 8881 8313 3731 5859
6177 5526 7377 2709 4901 2343 3260 2793 3450 7592 7744 3900 3761 5579 1814 0 6056 3098 8911 8343 4025 5889
1021 2396 1503 4957 2505 6555 4108 7005 7662 1718 1870 8112 3179 747 6026 6056 0 3188 3037 2469 8237 1771
3309 2658 4509 1999 2033 3597 1150 4047 4704 4724 4876 5154 893 2711 3068 3098 3188 0 6043 5475 5279 3021
3876 5251 2876 7812 5360 9410 6963 9860 10517 1799 2673 10967 6034 3602 8881 8911 3037 6043 0 698 11092 4626
3308 4683 2308 7244 4792 8842 6395 9292 9949 1231 2105 10399 5466 3034 8313 8343 2469 5475 698 0 10524 4058
8358 7707 9558 4890 7082 2830 5441 2130 1375 9773 9925 531 5942 7760 3731 4025 8237 5279 11092 10524 0 8070
1892 2229 3092 4790 2338 6388 3941 6838 7495 3307 3459 7945 3012 1294 5859 5889 1771 3021 4626 4058 8070 0
