29
0 5898 4763 4398 4874 2350 8759 5529 3217 5324 5918 4856 2938 6992 2417 3049 8736 6377 7079 1733 6091 10104 1350 9913 5527 7637 2712 3810 10166
5898 0 9403 9038 2770 6990 13399 1451 7857 9964 10558 9496 3168 11632 4745 3123 13376 11017 11719 6373 10731 14744 5322 14553 2171 12277 4890 3226 14806
4763 9403 0 1887 8379 2517 5050 9034 2252 1615 2209 1147 6443 3283 5922 6554 5027 2668 3370 3650 2382 6395 4855 6204 9032 3928 6217 7315 6457
4398 9038 1887 0 8014 2152 5883 8669 1887 2448 3042 1980 6078 4116 5557 6189 5860 3501 4203 3285 3215 7228 4490 7037 8667 4761 5852 6950 7290
4874 2770 8379 8014 0 5966 12375 2401 6833 8940 9534 8472 2144 10608 3721 2099 12352 9993 10695 5349 9707 13720 4298 13529 2399 11253 3866 2202 13782
2350 6990 2517 2152 5966 0 6513 6621 971 3078 3672 2610 4030 4746 3509 4141 6490 4131 4833 1237 3845 7858 2442 7667 6619 5391 3804 4902 7920
8759 13399 5050 5883 12375 6513 0 13030 6248 3619 3843 4087 10439 2765 9918 10550 1789 3052 2454 7646 3332 1457 8851 1266 13028 1798 10213 11311 1519
5529 1451 9034 8669 2401 6621 13030 0 7488 9595 10189 9127 2799 11263 4376 2754 13007 10648 11350 6004 10362 14375 4953 14184 1802 11908 4521 2857 14437
3217 7857 2252 1887 6833 971 6248 7488 0 2813 3407 2345 4897 4481 4376 5008 6225 3866 4568 2104 3580 7593 3309 7402 7486 5126 4671 5769 7655
5324 9964 1615 2448 8940 3078 3619 9595 2813 0 778 652 7004 1852 6483 7115 3596 1237 1939 4211 951 4964 5416 4773 9593 2497 6778 7876 5026
5918 10558 2209 3042 9534 3672 3843 10189 3407 778 0 1246 7598 2076 7077 7709 3820 1461 2163 4805 1175 5188 6010 4997 10187 2721 7372 8470 5250
4856 9496 1147 1980 8472 2610 4087 9127 2345 652 1246 0 6536 2320 6015 6647 4064 1705 2407 3743 1419 5432 4948 5241 9125 2965 6310 7408 5494
2938 3168 6443 6078 2144 4030 10439 2799 4897 7004 7598 6536 0 8672 1785 319 10416 8057 8759 3413 7771 11784 2362 11593 2797 9317 1930 1080 11846
6992 11632 3283 4116 10608 4746 2765 11263 4481 1852 2076 2320 8672 0 8151 8783 2742 1285 1085 5879 1565 4110 7084 3919 11261 1643 8446 9544 4172
2417 4745 5922 5557 3721 3509 9918 4376 4376 6483 7077 6015 1785 8151 0 1896 9895 7536 8238 2892 7250 11263 1841 11072 4374 8796 1559 2657 11325
3049 3123 6554 6189 2099 4141 10550 2754 5008 7115 7709 6647 319 8783 1896 0 10527 8168 8870 3524 7882 11895 2473 11704 2752 9428 2041 1035 11957
8736 13376 5027 5860 12352 6490 1789 13007 6225 3596 3820 4064 10416 2742 9895 10527 0 3029 2431 7623 3309 3134 8828 2943 13005 1775 10190 11288 3196
6377 11017 2668 3501 9993 4131 3052 10648 3866 1237 1461 1705 8057 1285 7536 8168 3029 0 1372 5264 950 4397 6469 4206 10646 1930 7831 8929 4459
7079 11719 3370 4203 10695 4833 2454 11350 4568 1939 2163 2407 8759 1085 8238 8870 2431 1372 0 5966 1652 3799 7171 3608 11348 1332 8533 9631 3861
1733 6373 3650 3285 5349 1237 7646 6004 2104 4211 4805 3743 3413 5879 2892 3524 7623 5264 5966 0 4978 8991 1825 8800 6002 6524 3187 4285 9053
6091 10731 2382 3215 9707 3845 3332 10362 3580 951 1175 1419 7771 1565 7250 7882 3309 950 1652 4978 0 4677 6183 4486 10360 2210 7545 8643 4739
10104 14744 6395 7228 13720 7858 1457 14375 7593 4964 5188 5432 11784 4110 11263 11895 3134 4397 3799 8991 4677 0 10196 1595 14373 3143 11558 12656 1848
1350 5322 4855 4490 4298 2442 8851 4953 3309 5416 6010 4948 2362 7084 1841 2473 8828 6469 7171 1825 6183 10196 0 10005 4951 7729 2136 3234 10258
9913 14553 6204 7037 13529 7667 1266 14184 7402 4773 4997 5241 11593 3919 11072 11704 2943 4206 3608 8800 4486 1595 10005 0 14182 2952 11367 12465 425
5527 2171 9032 8667 2399 6619 13028 1802 7486 9593 10187 9125 2797 11261 4374 2752 13005 10646 11348 6002 10360 14373 4951 14182 0 11906 4519 2855 14435
7637 12277 3928 4761 11253 5391 1798 11908 5126 2497 2721 2965 9317 1643 8796 9428 1775 1930 1332 6524 2210 3143 7729 2952 11906 0 9091 10189 3205
2712 4890 6217 5852 3866 3804 10213 4521 4671 6778 7372 6310 1930 8446 1559 2041 10190 7831 8533 3187 7545 11558 2136 11367 4519 9091 0 2802 11620
3810 3226 7315 6950 2202 4902 11311 2857 5769 7876 8470 7408 1080 9544 2657 1035 11288 8929 9631 4285 8643 12656 3234 12465 2855 10189 2802 0 12718
10166 14806 6457 7290 13782 7920 1519 14437 7655 5026 5250 5494 11846 4172 11325 11957 3196 4459 3861 9053 4739 1848 10258 425 14435 3205 11620 12718 0
