20
0.00 1.25 0.76 1.36 1.31 1.36 1.60 0.99 1.57 1.26 0.95 1.49 1.43 0.15 0.22 1.32 0.93 1.33 0.38 1.61
1.25 0.00 1.66 0.84 0.55 1.01 1.22 1.03 1.10 0.76 1.49 0.71 1.04 0.96 1.12 0.27 0.92 0.73 1.28 0.83
0.76 1.66 0.00 1.23 1.19 1.49 0.96 1.33 0.72 1.28 0.80 0.84 1.10 0.89 0.56 1.37 1.05 1.62 0.73 0.96
1.36 0.84 1.23 0.00 0.82 0.47 0.70 1.57 1.05 1.17 0.78 0.52 1.39 1.59 1.39 0.69 1.44 0.94 1.26 1.02
1.31 0.55 1.19 0.82 0.00 0.78 1.01 1.28 1.00 1.41 0.79 0.68 1.09 1.39 1.09 0.18 1.73 0.74 1.39 0.35
1.36 1.01 1.49 0.47 0.78 0.00 0.58 1.14 1.39 0.91 0.55 0.98 1.16 1.63 1.59 0.95 1.33 0.44 1.29 0.77
1.60 1.22 0.96 0.70 1.01 0.58 0.00 0.86 0.60 0.64 0.55 1.05 0.52 1.61 1.33 0.98 1.18 0.42 1.59 0.69
0.99 1.03 1.33 1.57 1.28 1.14 0.86 0.00 0.76 0.63 1.16 1.74 0.35 0.72 1.06 1.15 0.70 0.52 1.12 1.17
1.57 1.10 0.72 1.05 1.00 1.39 0.60 0.76 0.00 1.07 1.21 0.88 0.32 1.31 1.16 0.88 0.98 1.00 1.52 0.62
1.26 0.76 1.28 1.17 1.41 0.91 0.64 0.63 1.07 0.00 1.15 1.02 0.68 0.99 1.30 1.25 0.35 0.72 0.92 1.21
0.95 1.49 0.80 0.78 0.79 0.55 0.55 1.16 1.21 1.15 0.00 1.10 0.98 1.36 0.97 1.14 1.62 0.79 0.92 1.01
1.49 0.71 0.84 0.52 0.68 0.98 1.05 1.74 0.88 1.02 1.10 0.00 1.31 1.53 1.39 0.76 1.07 1.48 0.94 0.72
1.43 1.04 1.10 1.39 1.09 1.16 0.52 0.35 0.32 0.68 0.98 1.31 0.00 1.14 1.13 1.08 0.78 0.55 1.44 0.73
0.15 0.96 0.89 1.59 1.39 1.63 1.61 0.72 1.31 0.99 1.36 1.53 1.14 0.00 0.23 1.20 0.59 1.24 0.55 1.54
0.22 1.12 0.56 1.39 1.09 1.59 1.33 1.06 1.16 1.30 0.97 1.39 1.13 0.23 0.00 1.00 1.04 1.20 0.80 1.24
1.32 0.27 1.37 0.69 0.18 0.95 0.98 1.15 0.88 1.25 1.14 0.76 1.08 1.20 1.00 0.00 1.54 0.64 1.57 0.54
0.93 0.92 1.05 1.44 1.73 1.33 1.18 0.70 0.98 0.35 1.62 1.07 0.78 0.59 1.04 1.54 0.00 1.20 0.74 1.29
1.33 0.73 1.62 0.94 0.74 0.44 0.42 0.52 1.00 0.72 0.79 1.48 0.55 1.24 1.20 0.64 1.20 0.00 1.69 0.67
0.38 1.28 0.73 1.26 1.39 1.29 1.59 1.12 1.52 0.92 0.92 0.94 1.44 0.55 0.80 1.57 0.74 1.69 0.00 1.70
1.61 0.83 0.96 1.02 0.35 0.77 0.69 1.17 0.62 1.21 1.01 0.72 0.73 1.54 1.24 0.54 1.29 0.67 1.70 0.00
