20
0.00 0.99 0.71 0.66 0.77 1.44 0.56 0.66 0.78 1.57 0.84 0.70 1.25 0.78 1.50 0.74 0.81 1.22 0.50 1.75
0.99 0.00 0.87 0.41 1.62 1.15 1.24 1.01 0.79 1.06 0.88 0.79 0.87 1.07 1.07 1.06 1.14 0.83 0.49 0.98
0.71 0.87 0.00 0.93 1.48 0.77 1.23 1.47 1.11 0.76 0.86 0.24 0.58 0.77 0.97 0.61 0.85 1.27 0.82 1.36
0.66 0.41 0.93 0.00 1.05 1.42 1.28 0.78 1.22 1.33 0.58 0.47 0.71 1.24 1.47 1.07 0.68 1.09 0.73 1.64
0.77 1.62 1.48 1.05 0.00 1.42 0.57 0.44 0.95 1.35 0.88 1.15 1.30 1.19 1.11 1.40 0.72 1.15 1.26 1.20
1.44 1.15 0.77 1.42 1.42 0.00 1.45 1.56 1.25 0.71 1.62 1.07 0.46 0.39 0.65 1.06 1.61 1.24 1.54 0.55
0.56 1.24 1.23 1.28 0.57 1.45 0.00 0.78 0.39 1.06 0.83 1.43 1.75 0.74 0.76 0.81 1.21 0.95 0.67 0.97
0.66 1.01 1.47 0.78 0.44 1.56 0.78 0.00 1.00 1.62 0.87 1.08 1.56 1.44 1.45 1.25 0.56 0.86 0.68 1.17
0.78 0.79 1.11 1.22 0.95 1.25 0.39 1.00 0.00 1.26 1.33 1.26 1.37 0.71 0.87 1.20 1.40 1.24 0.53 0.78
1.57 1.06 0.76 1.33 1.35 0.71 1.06 1.62 1.26 0.00 0.60 1.10 0.82 1.02 0.19 0.76 1.15 0.54 1.40 0.54
0.84 0.88 0.86 0.58 0.88 1.62 0.83 0.87 1.33 0.60 0.00 0.75 1.17 1.51 0.86 0.70 0.45 0.48 0.88 1.35
0.70 0.79 0.24 0.47 1.15 1.07 1.43 1.08 1.26 1.10 0.75 0.00 0.48 1.13 1.32 0.93 0.51 1.44 0.81 1.62
1.25 0.87 0.58 0.71 1.30 0.46 1.75 1.56 1.37 0.82 1.17 0.48 0.00 0.83 0.95 1.33 1.10 1.30 1.54 1.14
0.78 1.07 0.77 1.24 1.19 0.39 0.74 1.44 0.71 1.02 1.51 1.13 0.83 0.00 0.73 0.90 1.83 1.46 1.11 0.89
1.50 1.07 0.97 1.47 1.11 0.65 0.76 1.45 0.87 0.19 0.86 1.32 0.95 0.73 0.00 1.14 1.51 0.68 1.44 0.30
0.74 1.06 0.61 1.07 1.40 1.06 0.81 1.25 1.20 0.76 0.70 0.93 1.33 0.90 1.14 0.00 0.87 0.90 0.57 1.30
0.81 1.14 0.85 0.68 0.72 1.61 1.21 0.56 1.40 1.15 0.45 0.51 1.10 1.83 1.51 0.87 0.00 0.85 0.80 1.54
1.22 0.83 1.27 1.09 1.15 1.24 0.95 0.86 1.24 0.54 0.48 1.44 1.30 1.46 0.68 0.90 0.85 0.00 1.09 0.69
0.50 0.49 0.82 0.73 1.26 1.54 0.67 0.68 0.53 1.40 0.88 0.81 1.54 1.11 1.44 0.57 0.80 1.09 0.00 1.29
1.75 0.98 1.36 1.64 1.20 0.55 0.97 1.17 0.78 0.54 1.35 1.62 1.14 0.89 0.30 1.30 1.54 0.69 1.29 0.00
