20
0.00 1.06 0.91 1.07 0.33 0.60 0.39 1.45 1.22 1.23 0.79 1.05 0.85 1.33 1.04 1.32 1.09 0.90 1.64 1.06
1.06 0.00 0.85 0.47 1.00 1.32 0.97 1.29 1.10 1.08 1.32 0.46 0.83 1.22 0.37 0.79 0.83 1.18 1.18 1.16
0.91 0.85 0.00 1.44 0.94 1.05 1.47 1.35 1.09 0.59 1.40 0.89 1.06 0.96 1.46 0.54 1.12 1.27 1.35 1.00
1.07 0.47 1.44 0.00 1.17 1.43 0.71 0.72 1.51 1.35 0.77 0.70 1.12 1.03 0.15 1.04 0.58 0.64 1.24 0.55
0.33 1.00 0.94 1.17 0.00 0.87 0.85 1.68 0.84 1.45 0.57 0.65 0.69 1.76 1.10 1.18 1.55 1.10 1.30 1.31
0.60 1.32 1.05 1.43 0.87 0.00 0.82 0.84 0.74 1.17 0.81 1.55 1.15 0.94 1.55 1.08 0.88 1.43 1.07 1.22
0.39 0.97 1.47 0.71 0.85 0.82 0.00 1.17 1.14 1.07 0.95 1.12 0.55 1.02 0.63 1.61 0.85 0.75 1.41 1.13
1.45 1.29 1.35 0.72 1.68 0.84 1.17 0.00 1.37 0.90 0.73 1.65 1.54 0.46 0.95 0.66 0.29 0.96 0.67 0.55
1.22 1.10 1.09 1.51 0.84 0.74 1.14 1.37 0.00 1.08 1.10 0.70 0.64 1.02 1.44 1.44 1.53 1.23 0.65 1.68
1.23 1.08 0.59 1.35 1.45 1.17 1.07 0.90 1.08 0.00 1.40 1.38 0.71 0.37 1.18 0.72 0.60 1.01 0.82 1.31
0.79 1.32 1.40 0.77 0.57 0.81 0.95 0.73 1.10 1.40 0.00 1.13 1.00 1.22 1.06 1.02 0.88 0.99 1.11 0.94
1.05 0.46 0.89 0.70 0.65 1.55 1.12 1.65 0.70 1.38 1.13 0.00 0.79 1.40 0.68 1.32 1.55 0.78 1.21 1.07
0.85 0.83 1.06 1.12 0.69 1.15 0.55 1.54 0.64 0.71 1.00 0.79 0.00 1.22 0.96 1.25 1.22 1.26 1.16 1.72
1.33 1.22 0.96 1.03 1.76 0.94 1.02 0.46 1.02 0.37 1.22 1.40 1.22 0.00 1.13 1.08 0.38 0.64 0.79 0.93
1.04 0.37 1.46 0.15 1.10 1.55 0.63 0.95 1.44 1.18 1.06 0.68 0.96 1.13 0.00 1.06 0.68 0.63 0.99 0.81
1.32 0.79 0.54 1.04 1.18 1.08 1.61 0.66 1.44 0.72 1.02 1.32 1.25 1.08 1.06 0.00 0.65 1.55 0.86 0.86
1.09 0.83 1.12 0.58 1.55 0.88 0.85 0.29 1.53 0.60 0.88 1.55 1.22 0.38 0.68 0.65 0.00 0.94 0.97 0.85
0.90 1.18 1.27 0.64 1.10 1.43 0.75 0.96 1.23 1.01 0.99 0.78 1.26 0.64 0.63 1.55 0.94 0.00 1.00 0.60
1.64 1.18 1.35 1.24 1.30 1.07 1.41 0.67 0.65 0.82 1.11 1.21 1.16 0.79 0.99 0.86 0.97 1.00 0.00 1.27
1.06 1.16 1.00 0.55 1.31 1.22 1.13 0.55 1.68 1.31 0.94 1.07 1.72 0.93 0.81 0.86 0.85 0.60 1.27 0.00
