20
0.00 1.27 0.82 1.50 1.40 1.33 0.91 0.72 1.39 1.19 0.92 1.00 0.58 1.02 1.15 0.98 0.50 0.66 1.11 0.95
1.27 0.00 1.00 0.44 1.03 0.88 1.18 0.75 1.54 1.41 0.62 1.22 1.02 0.63 1.45 1.00 1.40 1.06 0.88 1.35
0.82 1.00 0.00 0.86 0.91 1.11 1.10 0.94 0.76 1.33 0.72 0.88 0.75 1.23 1.23 1.32 1.35 1.56 1.58 0.79
1.50 0.44 0.86 0.00 1.04 0.94 1.59 0.87 1.18 0.97 1.03 1.31 1.30 0.98 1.24 1.29 1.46 1.63 1.33 1.29
1.40 1.03 0.91 1.04 0.00 1.44 0.98 1.88 0.51 1.13 1.22 1.07 0.90 1.37 0.73 1.26 1.53 0.93 1.04 0.40
1.33 0.88 1.11 0.94 1.44 0.00 0.42 0.60 1.17 0.86 0.46 0.33 1.03 0.77 0.72 0.28 0.78 1.25 0.49 1.35
0.91 1.18 1.10 1.59 0.98 0.42 0.00 1.09 1.05 1.01 0.46 0.33 0.57 0.86 0.42 0.23 0.57 0.78 0.22 0.93
0.72 0.75 0.94 0.87 1.88 0.60 1.09 0.00 1.36 1.23 0.82 1.03 0.85 0.65 1.58 1.01 0.53 1.28 1.00 1.75
1.39 1.54 0.76 1.18 0.51 1.17 1.05 1.36 0.00 0.96 1.32 1.04 1.07 1.35 0.95 1.42 1.15 1.31 1.23 0.83
1.19 1.41 1.33 0.97 1.13 0.86 1.01 1.23 0.96 0.00 1.28 1.08 1.69 0.65 0.35 0.71 0.95 0.80 0.92 0.76
0.92 0.62 0.72 1.03 1.22 0.46 0.46 0.82 1.32 1.28 0.00 0.52 0.87 0.81 0.95 0.38 1.05 1.07 0.62 1.26
1.00 1.22 0.88 1.31 1.07 0.33 0.33 1.03 1.04 1.08 0.52 0.00 0.75 1.39 0.57 0.32 0.92 1.07 0.76 0.75
0.58 1.02 0.75 1.30 0.90 1.03 0.57 0.85 1.07 1.69 0.87 0.75 0.00 1.29 1.11 1.06 0.54 1.17 0.79 1.06
1.02 0.63 1.23 0.98 1.37 0.77 0.86 0.65 1.35 0.65 0.81 1.39 1.29 0.00 1.00 0.76 0.82 0.71 0.56 1.37
1.15 1.45 1.23 1.24 0.73 0.72 0.42 1.58 0.95 0.35 0.95 0.57 1.11 1.00 0.00 0.38 0.89 0.80 0.56 0.50
0.98 1.00 1.32 1.29 1.26 0.28 0.23 1.01 1.42 0.71 0.38 0.32 1.06 0.76 0.38 0.00 0.75 0.67 0.30 0.98
0.50 1.40 1.35 1.46 1.53 0.78 0.57 0.53 1.15 0.95 1.05 0.92 0.54 0.82 0.89 0.75 0.00 0.88 0.51 1.44
0.66 1.06 1.56 1.63 0.93 1.25 0.78 1.28 1.31 0.80 1.07 1.07 1.17 0.71 0.80 0.67 0.88 0.00 0.64 0.68
1.11 0.88 1.58 1.33 1.04 0.49 0.22 1.00 1.23 0.92 0.62 0.76 0.79 0.56 0.56 0.30 0.51 0.64 0.00 1.29
0.95 1.35 0.79 1.29 0.40 1.35 0.93 1.75 0.83 0.76 1.26 0.75 1.06 1.37 0.50 0.98 1.44 0.68 1.29 0.00
