29
0 3960 4446 3015 11527 9147 7644 1863 4685 11064 1742 10335 11972 7745 4082 10636 2901 7516 6357 1337 5255 4546 8143 9679 8807 3643 2539 4671 11186
3960 0 1522 1237 8603 6223 4720 3909 7041 8140 3012 7411 9048 4821 6438 7712 2665 4592 3433 3693 2331 1622 5219 6755 5883 5999 4895 7027 8262
4446 1522 0 1723 7821 5441 3938 4395 7527 7358 3498 6629 8266 4039 6924 6930 3151 3810 2651 4179 1549 840 4437 5973 5101 6485 5381 7513 7480
3015 1237 1723 0 8804 6424 4921 2964 6096 8341 2067 7612 9249 5022 5493 7913 1720 4793 3634 2748 2532 1823 5420 6956 6084 5054 3950 6082 8463
11527 8603 7821 8804 0 3250 4193 11476 14608 1967 10579 2528 1283 4688 14005 1905 10232 5591 6322 11260 6482 7743 4392 2932 3892 13566 12462 14594 1479
9147 6223 5441 6424 3250 0 1813 9096 12228 2787 8199 2058 3695 2308 11625 2359 7852 3211 3942 8880 4102 5363 2012 1402 1512 11186 10082 12214 2909
7644 4720 3938 4921 4193 1813 0 7593 10725 3730 6696 3001 4638 805 10122 3302 6349 1708 2439 7377 2599 3860 809 2345 1473 9683 8579 10711 3852
1863 3909 4395 2964 11476 9096 7593 0 4944 11013 1691 10284 11921 7694 4341 10585 2850 7465 6306 1596 5204 4495 8092 9628 8756 3902 2798 4930 11135
4685 7041 7527 6096 14608 12228 10725 4944 0 14145 4823 13416 15053 10826 1459 13717 5982 10597 9438 3866 8336 7627 11224 12760 11888 2492 3096 1104 14267
11064 8140 7358 8341 1967 2787 3730 11013 14145 0 10116 2065 2412 4225 13542 1442 9769 5128 5859 10797 6019 7280 3929 2469 3429 13103 11999 14131 1626
1742 3012 3498 2067 10579 8199 6696 1691 4823 10116 0 9387 11024 6797 4220 9688 1953 6568 5409 1475 4307 3598 7195 8731 7859 3781 2677 4809 10238
10335 7411 6629 7612 2528 2058 3001 10284 13416 2065 9387 0 2973 3496 12813 1637 9040 4399 5130 10068 5290 6551 3200 1740 2700 12374 11270 13402 2187
11972 9048 8266 9249 1283 3695 4638 11921 15053 2412 11024 2973 0 5133 14450 2350 10677 6036 6767 11705 6927 8188 4837 3377 4337 14011 12907 15039 1924
7745 4821 4039 5022 4688 2308 805 7694 10826 4225 6797 3496 5133 0 10223 3797 6450 1809 2540 7478 2700 3961 1304 2840 1968 9784 8680 10812 4347
4082 6438 6924 5493 14005 11625 10122 4341 1459 13542 4220 12813 14450 10223 0 13114 5379 9994 8835 3263 7733 7024 10621 12157 11285 1889 2493 1445 13664
10636 7712 6930 7913 1905 2359 3302 10585 13717 1442 9688 1637 2350 3797 13114 0 9341 4700 5431 10369 5591 6852 3501 2041 3001 12675 11571 13703 1564
2901 2665 3151 1720 10232 7852 6349 2850 5982 9769 1953 9040 10677 6450 5379 9341 0 6221 5062 2634 3960 3251 6848 8384 7512 4940 3836 5968 9891
7516 4592 3810 4793 5591 3211 1708 7465 10597 5128 6568 4399 6036 1809 9994 4700 6221 0 2311 7249 2471 3732 2207 3743 2871 9555 8451 10583 5250
6357 3433 2651 3634 6322 3942 2439 6306 9438 5859 5409 5130 6767 2540 8835 5431 5062 2311 0 6090 1312 2573 2938 4474 3602 8396 7292 9424 5981
1337 3693 4179 2748 11260 8880 7377 1596 3866 10797 1475 10068 11705 7478 3263 10369 2634 7249 6090 0 4988 4279 7876 9412 8540 2824 1720 3852 10919
5255 2331 1549 2532 6482 4102 2599 5204 8336 6019 4307 5290 6927 2700 7733 5591 3960 2471 1312 4988 0 1471 3098 4634 3762 7294 6190 8322 6141
4546 1622 840 1823 7743 5363 3860 4495 7627 7280 3598 6551 8188 3961 7024 6852 3251 3732 2573 4279 1471 0 4359 5895 5023 6585 5481 7613 7402
8143 5219 4437 5420 4392 2012 809 8092 11224 3929 7195 3200 4837 1304 10621 3501 6848 2207 2938 7876 3098 4359 0 2544 1672 10182 9078 11210 4051
9679 6755 5973 6956 2932 1402 2345 9628 12760 2469 8731 1740 3377 2840 12157 2041 8384 3743 4474 9412 4634 5895 2544 0 2044 11718 10614 12746 2591
8807 5883 5101 6084 3892 1512 1473 8756 11888 3429 7859 2700 4337 1968 11285 3001 7512 2871 3602 8540 3762 5023 1672 2044 0 10846 9742 11874 3551
3643 5999 6485 5054 13566 11186 9683 3902 2492 13103 3781 12374 14011 9784 1889 12675 4940 9555 8396 2824 7294 6585 10182 11718 10846 0 2054 2478 13225
2539 4895 5381 3950 12462 10082 8579 2798 3096 11999 2677 11270 12907 8680 2493 11571 3836 8451 7292 1720 6190 5481 9078 10614 9742 2054 0 3082 12121
4671 7027 7513 6082 14594 12214 10711 4930 1104 14131 4809 13402 15039 10812 1445 13703 5968 10583 9424 3852 8322 7613 11210 12746 11874 2478 3082 0 14253
11186 8262 7480 8463 1479 2909 3852 11135 14267 1626 10238 2187 1924 4347 13664 1564 9891 5250 5981 10919 6141 7402 4051 2591 3551 13225 12121 14253 0
